ZIYUAN1-02C(ZY1-02C)
1 38038U 11079A   25004.14178313  .00001403  00000+0  48326-3 0  9992
2 38038  98.4753  75.8103 0007612  90.0281 300.0954 14.37452318683231
ZIYUAN3-1(ZY3-1)
1 38046U 12001A   25004.13991202  .00022195  00000+0  47160-3 0  9992
2 38046  97.2153  69.0402 0005335 127.5297 232.6438 15.45004962721813
ZIYUAN3-2(ZY3-2)
1 41556U 16033A   25004.16597358  .00013641  00000+0  61003-3 0  9996
2 41556  97.4368  83.3461 0008934 349.8292  10.2761 15.21390259477558
ZY-102D
1 44528U 19059A   25004.14648520  .00000631  00000+0  23457-3 0  9991
2 44528  98.3893  77.3043 0000437 204.8542 155.2623 14.35440079278444
ZY-102E
1 50465U 21131A   25004.13669006  .00000529  00000+0  19954-3 0  9996
2 50465  98.4931  86.0540 0000487 138.5967 221.5255 14.35370942158528
GAOFEN1
1 39150U 13018A   25004.13284229  .00002145  00000+0  31419-3 0  9995
2 39150  97.9689  80.1296 0019024 169.3432 190.8185 14.76536138630216
GAOFEN1-02
1 43259U 18031A   25004.16629020  .00002480  00000+0  36239-3 0  9992
2 43259  97.7964  71.0871 0003718 259.3428 100.7364 14.76574175364633
GAOFEN1-03
1 43260U 18031B   25004.14457086  .00002519  00000+0  36778-3 0  9994
2 43260  97.7958  70.9717 0003810 309.4465  50.6408 14.76588025364626
GAOFEN1-04
1 43262U 18031D   25004.18792446  .00002480  00000+0  36234-3 0  9996
2 43262  97.7968  71.1420 0001471 340.9788  19.1367 14.76588408364621
GAOFEN2
1 40118U 14049A   25004.13918734  .00002896  00000+0  38558-3 0  9995
2 40118  98.0847  61.8338 0006796 122.5497 237.6372 14.80457902560965
GAOFEN6
1 43484U 18048A   25004.16398589  .00002242  00000+0  32780-3 0  9996
2 43484  97.8435  79.0888 0013906  83.0977 277.1815 14.76597629355329
GAOFEN7
1 44703U 19072A   25004.13468842  .00009596  00000+0  43183-3 0  9994
2 44703  97.3127  78.1286 0011554  83.3000 276.9550 15.21236374287208
HAIYANG-1B
1 31113U 07010A   25003.74312626  .00000415  00000+0  17400-3 0  9992
2 31113  98.3045   2.7255 0013126 336.0664  23.9908 14.30795383924911
HAIYANG-1C
1 43609U 18068A   25004.19378060  .00000568  00000+0  21865-3 0  9993
2 43609  98.5834  77.3618 0009530 220.1789 139.8692 14.34127222331260
HAIYANG-1D
1 45721U 20036A   25004.13882778  .00000664  00000+0  25334-3 0  9990
2 45721  98.6133 309.5383 0001218 200.5727 159.5409 14.34074219239144
GAOFEN5-01A
1 54640U 22165A   25004.09969981  .00001848  00000+0  41375-3 0  9990
2 54640  98.1902 303.3768 0001966  90.4607 269.6818 14.57809880110347
GAOFEN5-02
1 49122U 21079A   25004.18037921  .00001076  00000+0  24513-3 0  9990
2 49122  98.1607  81.7286 0002544 113.4637 246.6830 14.57778201177010